https://www.youtube.com/watch?v=43tBrOV1-sY
216750000 0.480481398 0.854189121 0.500000000 0.500000000 0.000000000 0.000000000 0.995465279 -0.019788163 0.093044363 0.035856215 0.019632204 0.999803901 0.002591300 0.004631840 -0.093077391 -0.000752884 0.995658576 -0.056805714
216784000 0.480481398 0.854189121 0.500000000 0.500000000 0.000000000 0.000000000 0.994994640 -0.020765776 0.097746842 0.040238521 0.020600829 0.999784172 0.002696540 0.003763401 -0.097781740 -0.000669376 0.995207667 -0.060389648
216817000 0.480481398 0.854189121 0.500000000 0.500000000 0.000000000 0.000000000 0.994501650 -0.021682663 0.102451377 0.044577496 0.021511957 0.999764740 0.002770916 0.002953992 -0.102487355 -0.000551751 0.994734168 -0.063641417
216850000 0.480481398 0.854189121 0.500000000 0.500000000 0.000000000 0.000000000 0.993991971 -0.022474606 0.107120879 0.048724755 0.022294378 0.999747276 0.002879871 0.002105371 -0.107158534 -0.000474375 0.994241834 -0.067294118
216884000 0.480481398 0.854189121 0.500000000 0.500000000 0.000000000 0.000000000 0.993464947 -0.023238385 0.111747198 0.052583485 0.023074662 0.999729931 0.002758377 0.001877178 -0.111781113 -0.000161821 0.993732810 -0.071051243
216917000 0.480481398 0.854189121 0.500000000 0.500000000 0.000000000 0.000000000 0.992935240 -0.023842819 0.116237201 0.056775740 0.023664426 0.999715686 0.002914704 0.000704004 -0.116273649 -0.000143426 0.993217230 -0.075092182
216950000 0.480481398 0.854189121 0.500000000 0.500000000 0.000000000 0.000000000 0.992363155 -0.024435040 0.120906077 0.060009496 0.024260182 0.999701440 0.002918242 0.000038322 -0.120941281 0.000037248 0.992659688 -0.078804772
216984000 0.480481398 0.854189121 0.500000000 0.500000000 0.000000000 0.000000000 0.991773009 -0.024910135 0.125561833 0.063589864 0.024722921 0.999689698 0.003049338 -0.000726633 -0.125598833 0.000080004 0.992081106 -0.082838799
217017000 0.480481398 0.854189121 0.500000000 0.500000000 0.000000000 0.000000000 0.991157711 -0.025286755 0.130257308 0.066850096 0.025110861 0.999680221 0.002992878 -0.000876447 -0.130291343 0.000304459 0.991475701 -0.086763123
217051000 0.480481398 0.854189121 0.500000000 0.500000000 0.000000000 0.000000000 0.990509689 -0.025670655 0.135024324 0.069765382 0.025507905 0.999670327 0.002935514 -0.001206599 -0.135055155 0.000536533 0.990837932 -0.090732887
217084000 0.480481398 0.854189121 0.500000000 0.500000000 0.000000000 0.000000000 0.989833772 -0.026015459 0.139829576 0.072583615 0.025874771 0.999661207 0.002824311 -0.001383711 -0.139855683 0.000822460 0.990171552 -0.094985594
217117000 0.480481398 0.854189121 0.500000000 0.500000000 0.000000000 0.000000000 0.989125729 -0.026418421 0.144680217 0.075156145 0.026297165 0.999650359 0.002750771 -0.001813004 -0.144702315 0.001083821 0.989474654 -0.099217243
217151000 0.480481398 0.854189121 0.500000000 0.500000000 0.000000000 0.000000000 0.988396406 -0.026785271 0.149516121 0.078033416 0.026696358 0.999640226 0.002602050 -0.002140111 -0.149532020 0.001419679 0.988755882 -0.103516536
217184000 0.480481398 0.854189121 0.500000000 0.500000000 0.000000000 0.000000000 0.987626672 -0.027163107 0.154453158 0.080598132 0.027108356 0.999629498 0.002460993 -0.002609387 -0.154462770 0.001756428 0.987997055 -0.108349952
217217000 0.480481398 0.854189121 0.500000000 0.500000000 0.000000000 0.000000000 0.986827850 -0.027465085 0.159425318 0.082996526 0.027454464 0.999620497 0.002269597 -0.002919851 -0.159427151 0.002137235 0.987207353 -0.112661365
217251000 0.480481398 0.854189121 0.500000000 0.500000000 0.000000000 0.000000000 0.986028194 -0.027805857 0.164241388 0.086613927 0.027833190 0.999610305 0.002135340 -0.003319911 -0.164236754 0.002465856 0.986417890 -0.116766734
217284000 0.480481398 0.854189121 0.500000000 0.500000000 0.000000000 0.000000000 0.985148966 -0.027962133 0.169409677 0.088013773 0.028042391 0.999604881 0.001919333 -0.003592915 -0.169396415 0.002859823 0.985543847 -0.121974915
217317000 0.480481398 0.854189121 0.500000000 0.500000000 0.000000000 0.000000000 0.984265208 -0.028041843 0.174458086 0.090327916 0.028173765 0.999601543 0.001720835 -0.003980732 -0.174436837 0.003221383 0.984663069 -0.126490302
217351000 0.480481398 0.854189121 0.500000000 0.500000000 0.000000000 0.000000000 0.983368337 -0.028124619 0.179431662 0.093137841 0.028313562 0.999597967 0.001508385 -0.004394557 -0.179401949 0.003597051 0.983769298 -0.131250936
217384000 0.480481398 0.854189121 0.500000000 0.500000000 0.000000000 0.000000000 0.982414007 -0.028134648 0.184583604 0.095417057 0.028390830 0.999596119 0.001255439 -0.004913007 -0.184544370 0.004007121 0.982816041 -0.136098937
217418000 0.480481398 0.854189121 0.500000000 0.500000000 0.000000000 0.000000000 0.981432319 -0.028178157 0.189727828 0.097730455 0.028499903 0.999593258 0.001032910 -0.005471575 -0.189679772 0.004393494 0.981836200 -0.140957764
217451000 0.480481398 0.854189121 0.500000000 0.500000000 0.000000000 0.000000000 0.980431199 -0.028126663 0.194842473 0.100480659 0.028541755 0.999592364 0.000677320 -0.005532525 -0.194782093 0.004897080 0.980834305 -0.145874780
217484000 0.480481398 0.854189121 0.500000000 0.500000000 0.000000000 0.000000000 0.979375482 -0.028169772 0.200075299 0.102770024 0.028674474 0.999588728 0.000375402 -0.005702328 -0.200003594 0.005369395 0.979780436 -0.150961120
217518000 0.480481398 0.854189121 0.500000000 0.500000000 0.000000000 0.000000000 0.978299558 -0.028177626 0.205270678 0.105487928 0.028785173 0.999585629 0.000026444 -0.006026543 -0.205186367 0.005882882 0.978705227 -0.156243057
217551000 0.480481398 0.854189121 0.500000000 0.500000000 0.000000000 0.000000000 0.977137148 -0.028168857 0.210735574 0.106812632 0.028885955 0.999582648 -0.000324763 -0.006168708 -0.210638478 0.006404637 0.977543056 -0.161899067
217584000 0.480481398 0.854189121 0.500000000 0.500000000 0.000000000 0.000000000 0.976009250 -0.028207889 0.215893999 0.110678963 0.029051380 0.999577641 -0.000733882 -0.006166355 -0.215782121 0.006988295 0.976416528 -0.167067559
217618000 0.480481398 0.854189121 0.500000000 0.500000000 0.000000000 0.000000000 0.974809408 -0.028245596 0.221243829 0.113290686 0.029208962 0.999572754 -0.001083159 -0.006440867 -0.221118703 0.007518176 0.975217938 -0.172753907
217651000 0.480481398 0.854189121 0.500000000 0.500000000 0.000000000 0.000000000 0.973577678 -0.028263072 0.226600409 0.116293451 0.029375287 0.999567270 -0.001536988 -0.006389319 -0.226458907 0.008152829 0.973986626 -0.178163161
217684000 0.480481398 0.854189121 0.500000000 0.500000000 0.000000000 0.000000000 0.972320318 -0.028328767 0.231928155 0.119525365 0.029561963 0.999561250 -0.001842644 -0.006901403 -0.231774196 0.008647892 0.972731173 -0.184529475
217718000 0.480481398 0.854189121 0.500000000 0.500000000 0.000000000 0.000000000 0.971027732 -0.028273584 0.237288401 0.122841509 0.029662242 0.999557376 -0.002283248 -0.006932416 -0.237118825 0.009255603 0.971436560 -0.190013953
217751000 0.480481398 0.854189121 0.500000000 0.500000000 0.000000000 0.000000000 0.969709754 -0.028141197 0.242633492 0.125862571 0.029698525 0.999555111 -0.002762493 -0.006868244 -0.242447793 0.009884673 0.970114112 -0.195739934
217785000 0.480481398 0.854189121 0.500000000 0.500000000 0.000000000 0.000000000 0.968434572 -0.027784240 0.247714534 0.129482808 0.029477986 0.999560535 -0.003130505 -0.007284078 -0.247518688 0.010333815 0.968828022 -0.202049921
217818000 0.480481398 0.854189121 0.500000000 0.500000000 0.000000000 0.000000000 0.967161536 -0.027397297 0.252681553 0.133323086 0.029249646 0.999565721 -0.003576571 -0.007640135 -0.252473831 0.010849968 0.967542887 -0.208320830
217851000 0.480481398 0.854189121 0.500000000 0.500000000 0.000000000 0.000000000 0.965895653 -0.026856033 0.257535189 0.137891809 0.028896287 0.999573827 -0.004140056 -0.007798162 -0.257314265 0.011440673 0.966260076 -0.214639513
217885000 0.480481398 0.854189121 0.500000000 0.500000000 0.000000000 0.000000000 0.964627922 -0.026415816 0.262288272 0.143062778 0.028617037 0.999579966 -0.004575399 -0.008703207 -0.262057245 0.011919471 0.964978695 -0.221896221
217918000 0.480481398 0.854189121 0.500000000 0.500000000 0.000000000 0.000000000 0.963332415 -0.025884442 0.267059177 0.148558013 0.028282072 0.999586821 -0.005134788 -0.009586329 -0.266815901 0.012499495 0.963666439 -0.229242429
217951000 0.480481398 0.854189121 0.500000000 0.500000000 0.000000000 0.000000000 0.962019503 -0.025414551 0.271795034 0.154648032 0.027993349 0.999592364 -0.005614376 -0.010591997 -0.271541536 0.013009592 0.962338805 -0.236569057
217985000 0.480481398 0.854189121 0.500000000 0.500000000 0.000000000 0.000000000 0.960670292 -0.025012800 0.276562721 0.161112572 0.027798221 0.999594629 -0.006155075 -0.011616571 -0.276296645 0.013600949 0.960976183 -0.244649138
218018000 0.480481398 0.854189121 0.500000000 0.500000000 0.000000000 0.000000000 0.959271252 -0.024642799 0.281409591 0.167701340 0.027635705 0.999595821 -0.006671058 -0.012642748 -0.281131446 0.014176307 0.959564567 -0.252813920
218052000 0.480481398 0.854189121 0.500000000 0.500000000 0.000000000 0.000000000 0.957871556 -0.024302397 0.286166817 0.175310777 0.027485345 0.999596894 -0.007110640 -0.014088175 -0.285878658 0.014676474 0.958153427 -0.261514804
218085000 0.480481398 0.854189121 0.500000000 0.500000000 0.000000000 0.000000000 0.956426680 -0.023994150 0.290985078 0.183016911 0.027423045 0.999594152 -0.007710764 -0.014988686 -0.290681988 0.015354477 0.956696510 -0.270625127
218118000 0.480481398 0.854189121 0.500000000 0.500000000 0.000000000 0.000000000 0.954966187 -0.023713930 0.295765489 0.191279830 0.027412737 0.999589205 -0.008364903 -0.016038762 -0.295445621 0.016095942 0.955223978 -0.280617315
218152000 0.480481398 0.854189121 0.500000000 0.500000000 0.000000000 0.000000000 0.953492343 -0.023530822 0.300497353 0.200219183 0.027462814 0.999583483 -0.008867170 -0.017710428 -0.300163567 0.016707283 0.953741431 -0.290680412
218185000 0.480481398 0.854189121 0.500000000 0.500000000 0.000000000 0.000000000 0.951966643 -0.023343014 0.305310637 0.209539709 0.027542839 0.999575913 -0.009455122 -0.018984824 -0.304960459 0.017410083 0.952205896 -0.301773315
218218000 0.480481398 0.854189121 0.500000000 0.500000000 0.000000000 0.000000000 0.950439036 -0.023230765 0.310041815 0.219682293 0.027724827 0.999564588 -0.010095758 -0.020238043 -0.309672296 0.018191259 0.950669289 -0.313327973
218252000 0.480481398 0.854189121 0.500000000 0.500000000 0.000000000 0.000000000 0.948886633 -0.023150172 0.314766973 0.230132282 0.027971132 0.999550283 -0.010806954 -0.021320463 -0.314375252 0.019058963 0.949107468 -0.325258997
218285000 0.480481398 0.854189121 0.500000000 0.500000000 0.000000000 0.000000000 0.947292149 -0.023167564 0.319532305 0.240840344 0.028293284 0.999534547 -0.011407997 -0.022512788 -0.319119275 0.019847324 0.947506726 -0.337859019
218318000 0.480481398 0.854189121 0.500000000 0.500000000 0.000000000 0.000000000 0.945691526 -0.023137202 0.324240953 0.251987805 0.028576367 0.999519289 -0.012022994 -0.023135268 -0.323806912 0.020635672 0.945898116 -0.350534244
218352000 0.480481398 0.854189121 0.500000000 0.500000000 0.000000000 0.000000000 0.944068432 -0.023222482 0.328930944 0.263524749 0.028995158 0.999499440 -0.012654798 -0.023397894 -0.328472435 0.021484399 0.944269180 -0.363421720
218385000 0.480481398 0.854189121 0.500000000 0.500000000 0.000000000 0.000000000 0.942422092 -0.023328453 0.333611041 0.275533085 0.029468630 0.999476492 -0.013355816 -0.023063142 -0.333124816 0.022417877 0.942616165 -0.377048433
218419000 0.480481398 0.854189121 0.500000000 0.500000000 0.000000000 0.000000000 0.940752804 -0.023503311 0.338277698 0.287948388 0.029977467 0.999453545 -0.013926187 -0.023153185 -0.337765515 0.023241807 0.940943301 -0.391034830
218452000 0.480481398 0.854189121 0.500000000 0.500000000 0.000000000 0.000000000 0.939041793 -0.023685377 0.342986077 0.300010528 0.030516347 0.999428630 -0.014532026 -0.023008440 -0.342445910 0.024112863 0.939228058 -0.405491263
218485000 0.480481398 0.854189121 0.500000000 0.500000000 0.000000000 0.000000000 0.937316835 -0.023825852 0.347662926 0.312427242 0.030992433 0.999406040 -0.015066396 -0.022897419 -0.347097456 0.024896907 0.937498510 -0.420247499
218519000 0.480481398 0.854189121 0.500000000 0.500000000 0.000000000 0.000000000 0.935574055 -0.024049694 0.352310628 0.324704789 0.031638443 0.999374509 -0.015797017 -0.022266902 -0.351710349 0.025925839 0.935749769 -0.435229013
218552000 0.480481398 0.854189121 0.500000000 0.500000000 0.000000000 0.000000000 0.933798194 -0.024344174 0.356971085 0.336380273 0.032270901 0.999346793 -0.016265286 -0.022106791 -0.356341928 0.026708271 0.933973849 -0.450646125
218585000 0.480481398 0.854189121 0.500000000 0.500000000 0.000000000 0.000000000 0.932047188 -0.024464604 0.361510038 0.348094319 0.032819871 0.999316871 -0.016989231 -0.021186179 -0.360847473 0.027699478 0.932213426 -0.466227763
218619000 0.480481398 0.854189121 0.500000000 0.500000000 0.000000000 0.000000000 0.930270612 -0.024609160 0.366047829 0.359421255 0.033355732 0.999288797 -0.017588409 -0.020442311 -0.365354657 0.028571773 0.930429816 -0.481371897
218652000 0.480481398 0.854189121 0.500000000 0.500000000 0.000000000 0.000000000 0.928469181 -0.024756150 0.370583415 0.370086353 0.033914097 0.999258757 -0.018215593 -0.019681977 -0.369857788 0.029480619 0.928620517 -0.496619126
218685000 0.480481398 0.854189121 0.500000000 0.500000000 0.000000000 0.000000000 0.926642537 -0.024827203 0.375122875 0.380230063 0.034364354 0.999233365 -0.018754663 -0.019648810 -0.374369681 0.030269723 0.926785350 -0.512196165
218719000 0.480481398 0.854189121 0.500000000 0.500000000 0.000000000 0.000000000 0.924824178 -0.024985120 0.379573464 0.390558205 0.034922816 0.999203324 -0.019317076 -0.019461272 -0.378788412 0.031120671 0.924959898 -0.527485030
218752000 0.480481398 0.854189121 0.500000000 0.500000000 0.000000000 0.000000000 0.922975242 -0.025075249 0.384041607 0.400425459 0.035454925 0.999171734 -0.019970585 -0.019436674 -0.383222759 0.032048520 0.923099816 -0.542965726
218786000 0.480481398 0.854189121 0.500000000 0.500000000 0.000000000 0.000000000 0.921106577 -0.025217025 0.388492912 0.410116845 0.035937864 0.999146760 -0.020353256 -0.019909507 -0.387648165 0.032709122 0.921226919 -0.559287865
218819000 0.480481398 0.854189121 0.500000000 0.500000000 0.000000000 0.000000000 0.919227123 -0.025396246 0.392907828 0.419708732 0.036543999 0.999113083 -0.020917147 -0.019648459 -0.392028153 0.033586033 0.919339955 -0.575310880
218852000 0.480481398 0.854189121 0.500000000 0.500000000 0.000000000 0.000000000 0.917308152 -0.025466779 0.397362798 0.428879771 0.037027210 0.999084115 -0.021446161 -0.019619384 -0.396452695 0.034385972 0.917410970 -0.591777554
218885000 0.480481398 0.854189121 0.500000000 0.500000000 0.000000000 0.000000000 0.915385485 -0.025696844 0.401757509 0.438253049 0.037650716 0.999051273 -0.021884978 -0.019579281 -0.400813997 0.035159651 0.915484548 -0.608809441
218918000 0.480481398 0.854189121 0.500000000 0.500000000 0.000000000 0.000000000 0.913412273 -0.025772186 0.406218886 0.447065760 0.038172316 0.999018908 -0.022451347 -0.018831678 -0.405241728 0.036013652 0.913499951 -0.625945523
218952000 0.480481398 0.854189121 0.500000000 0.500000000 0.000000000 0.000000000 0.911432862 -0.026030967 0.410624564 0.456277779 0.038836312 0.998983741 -0.022872904 -0.018376514 -0.409611851 0.036794260 0.911517560 -0.643767718
218985000 0.480481398 0.854189121 0.500000000 0.500000000 0.000000000 0.000000000 0.909441173 -0.026083957 0.415013641 0.465303610 0.039343901 0.998950958 -0.023431446 -0.017425788 -0.413967103 0.037637778 0.909513414 -0.661840267
219018000 0.480481398 0.854189121 0.500000000 0.500000000 0.000000000 0.000000000 0.907392502 -0.026354901 0.419457048 0.474004705 0.040045995 0.998912752 -0.023867017 -0.016430770 -0.418371975 0.038454328 0.907461405 -0.680675295
219052000 0.480481398 0.854189121 0.500000000 0.500000000 0.000000000 0.000000000 0.905247927 -0.026528193 0.424054712 0.481847046 0.040669292 0.998876393 -0.024330368 -0.015311622 -0.422932804 0.039271023 0.905309677 -0.699922226
219085000 0.480481398 0.854189121 0.500000000 0.500000000 0.000000000 0.000000000 0.903136969 -0.026711378 0.428520828 0.490324693 0.041336764 0.998835981 -0.024858711 -0.014086591 -0.427358001 0.040164486 0.903189898 -0.719685440
219119000 0.480481398 0.854189121 0.500000000 0.500000000 0.000000000 0.000000000 0.901002228 -0.026966088 0.432975560 0.498890643 0.042082194 0.998792112 -0.025365487 -0.012819711 -0.431768566 0.041074920 0.901048720 -0.740452390
219152000 0.480481398 0.854189121 0.500000000 0.500000000 0.000000000 0.000000000 0.898775697 -0.027077252 0.437571734 0.506437244 0.042669401 0.998755038 -0.025839603 -0.012433668 -0.436327308 0.041894931 0.898812175 -0.761816007
219185000 0.480481398 0.854189121 0.500000000 0.500000000 0.000000000 0.000000000 0.896561742 -0.027391659 0.442071021 0.514201790 0.043456409 0.998710394 -0.026251480 -0.011913857 -0.440781832 0.042746890 0.896595836 -0.783344942
219219000 0.480481398 0.854189121 0.500000000 0.500000000 0.000000000 0.000000000 0.894256294 -0.027486948 0.446710348 0.521169076 0.044065744 0.998670042 -0.026763827 -0.011256359 -0.445380598 0.043618344 0.894278228 -0.805555696
219252000 0.480481398 0.854189121 0.500000000 0.500000000 0.000000000 0.000000000 0.891941726 -0.027767658 0.451296955 0.527739874 0.044871703 0.998621285 -0.027240526 -0.010214232 -0.449918330 0.044547424 0.891957939 -0.827649865
219285000 0.480481398 0.854189121 0.500000000 0.500000000 0.000000000 0.000000000 0.889569461 -0.027904999 0.455946833 0.533921176 0.045531828 0.998578250 -0.027719019 -0.009505164 -0.454525083 0.045418084 0.889575243 -0.850124636
219319000 0.480481398 0.854189121 0.500000000 0.500000000 0.000000000 0.000000000 0.887130737 -0.027942687 0.460671514 0.539321042 0.046148930 0.998533547 -0.028303083 -0.008205028 -0.459205091 0.046368033 0.887119293 -0.872623406
219352000 0.480481398 0.854189121 0.500000000 0.500000000 0.000000000 0.000000000 0.884693742 -0.028244728 0.465316266 0.544921538 0.046953514 0.998485744 -0.028663345 -0.007007216 -0.463802069 0.047206514 0.884680271 -0.895066056
219386000 0.480481398 0.854189121 0.500000000 0.500000000 0.000000000 0.000000000 0.882213235 -0.028289244 0.469999492 0.549926716 0.047472231 0.998451173 -0.029011099 -0.006776771 -0.468450844 0.047905900 0.882189810 -0.917671308
219419000 0.480481398 0.854189121 0.500000000 0.500000000 0.000000000 0.000000000 0.879811466 -0.028436385 0.474471420 0.555656330 0.048173744 0.998403490 -0.029491398 -0.005507301 -0.472875297 0.048803937 0.879776716 -0.939874043
219452000 0.480481398 0.854189121 0.500000000 0.500000000 0.000000000 0.000000000 0.877382457 -0.028500877 0.478944361 0.560368746 0.048731767 0.998365402 -0.029861728 -0.005116398 -0.477310419 0.049539961 0.877337217 -0.962364699
219486000 0.480481398 0.854189121 0.500000000 0.500000000 0.000000000 0.000000000 0.875040472 -0.028583005 0.483205080 0.565111437 0.049266908 0.998330057 -0.030163733 -0.004401799 -0.481535971 0.050200511 0.874987423 -0.985036779
219519000 0.480481398 0.854189121 0.500000000 0.500000000 0.000000000 0.000000000 0.872756064 -0.028518029 0.487322897 0.570600684 0.049629871 0.998302996 -0.030462632 -0.004031808 -0.485627174 0.050772220 0.872690320 -1.007161742
219552000 0.480481398 0.854189121 0.500000000 0.500000000 0.000000000 0.000000000 0.870378077 -0.028632063 0.491550803 0.575183948 0.050178628 0.998268247 -0.030702623 -0.003156580 -0.489820480 0.051388234 0.870307505 -1.030242038
219586000 0.480481398 0.854189121 0.500000000 0.500000000 0.000000000 0.000000000 0.867961407 -0.028574904 0.495808870 0.579740049 0.050558940 0.998240590 -0.030976819 -0.002492362 -0.494051367 0.051954255 0.867879033 -1.053027231
219619000 0.480481398 0.854189121 0.500000000 0.500000000 0.000000000 0.000000000 0.865501106 -0.028555475 0.500092387 0.584096803 0.051016666 0.998207331 -0.031295612 -0.001519616 -0.498302191 0.052599434 0.865406394 -1.076459405
219652000 0.480481398 0.854189121 0.500000000 0.500000000 0.000000000 0.000000000 0.863040507 -0.028625621 0.504323006 0.588932101 0.051490463 0.998177886 -0.031457804 -0.000808779 -0.502503574 0.053117182 0.862941921 -1.099824389
219686000 0.480481398 0.854189121 0.500000000 0.500000000 0.000000000 0.000000000 0.860541403 -0.028685493 0.508572102 0.594148637 0.051961016 0.998148322 -0.031622317 -0.000079488 -0.506723285 0.053638238 0.860438526 -1.124261089
219719000 0.480481398 0.854189121 0.500000000 0.500000000 0.000000000 0.000000000 0.857980669 -0.028858909 0.512870669 0.599001176 0.052567001 0.998111725 -0.031776156 0.000880600 -0.510985196 0.054223400 0.857877612 -1.148988136
219753000 0.480481398 0.854189121 0.500000000 0.500000000 0.000000000 0.000000000 0.855425596 -0.028928794 0.517117202 0.604350086 0.053029135 0.998083770 -0.031886626 0.001365157 -0.515203834 0.054698914 0.855320454 -1.174024037
219786000 0.480481398 0.854189121 0.500000000 0.500000000 0.000000000 0.000000000 0.852829397 -0.029249167 0.521369815 0.609913533 0.053751815 0.998043597 -0.031933539 0.002913549 -0.519415796 0.055258434 0.852733076 -1.199627962
219819000 0.480481398 0.854189121 0.500000000 0.500000000 0.000000000 0.000000000 0.850238264 -0.029469777 0.525572479 0.615789726 0.054361206 0.998009026 -0.031982031 0.004135955 -0.523583531 0.055763099 0.850147486 -1.225207406
219853000 0.480481398 0.854189121 0.500000000 0.500000000 0.000000000 0.000000000 0.847555697 -0.029676042 0.529876113 0.620832100 0.054986712 0.997972190 -0.032061145 0.005660111 -0.527850151 0.056309752 0.847468853 -1.251731072
219886000 0.480481398 0.854189121 0.500000000 0.500000000 0.000000000 0.000000000 0.844955921 -0.029954700 0.533996403 0.626897953 0.055596881 0.997940600 -0.031992547 0.007178714 -0.531938374 0.056720827 0.844881237 -1.278957611
219919000 0.480481398 0.854189121 0.500000000 0.500000000 0.000000000 0.000000000 0.842372358 -0.030253667 0.538046002 0.633011421 0.056310903 0.997898698 -0.032050513 0.009244476 -0.535945773 0.057296325 0.842305899 -1.306390514
219953000 0.480481398 0.854189121 0.500000000 0.500000000 0.000000000 0.000000000 0.839844942 -0.030596480 0.541963458 0.639697176 0.057045031 0.997856557 -0.032065041 0.011482046 -0.539820671 0.057845984 0.839790106 -1.333694297
219986000 0.480481398 0.854189121 0.500000000 0.500000000 0.000000000 0.000000000 0.837286592 -0.030553097 0.545910001 0.645935426 0.057541430 0.997816920 -0.032408770 0.014277479 -0.543728054 0.058547869 0.837216794 -1.361955858
220019000 0.480481398 0.854189121 0.500000000 0.500000000 0.000000000 0.000000000 0.834724426 -0.030734597 0.549809515 0.652400877 0.058153417 0.997778058 -0.032512661 0.016716582 -0.547588646 0.059112415 0.834657073 -1.391119133
220053000 0.480481398 0.854189121 0.500000000 0.500000000 0.000000000 0.000000000 0.832145631 -0.030738695 0.553704619 0.658510235 0.058721796 0.997733355 -0.032862399 0.020315815 -0.551439404 0.059860829 0.832064450 -1.420543368
220086000 0.480481398 0.854189121 0.500000000 0.500000000 0.000000000 0.000000000 0.829591334 -0.030649561 0.557529211 0.664195332 0.059113137 0.997702003 -0.033111479 0.023899668 -0.555233181 0.060426295 0.829496682 -1.449712253
220120000 0.480481398 0.854189121 0.500000000 0.500000000 0.000000000 0.000000000 0.826966763 -0.030646032 0.561415017 0.668387730 0.059480097 0.997678757 -0.033154029 0.027009244 -0.559095800 0.060810298 0.826870024 -1.478454557
220153000 0.480481398 0.854189121 0.500000000 0.500000000 0.000000000 0.000000000 0.824394703 -0.030513529 0.565192223 0.673039649 0.059822701 0.997650206 -0.033396941 0.030832473 -0.562845051 0.061343588 0.824282944 -1.507142022
220186000 0.480481398 0.854189121 0.500000000 0.500000000 0.000000000 0.000000000 0.821714222 -0.030407779 0.569087923 0.676190730 0.060079418 0.997633219 -0.033443518 0.033573440 -0.566724062 0.061671488 0.821596265 -1.535961389
220220000 0.480481398 0.854189121 0.500000000 0.500000000 0.000000000 0.000000000 0.819212854 -0.030532716 0.572676182 0.681019694 0.060530495 0.997607350 -0.033400547 0.036497039 -0.570286214 0.062026531 0.819100976 -1.564287228
220253000 0.480481398 0.854189121 0.500000000 0.500000000 0.000000000 0.000000000 0.816527188 -0.030435998 0.576504171 0.683321780 0.060726549 0.997597396 -0.033342358 0.038495178 -0.574104249 0.062234048 0.816413641 -1.592228333
220286000 0.480481398 0.854189121 0.500000000 0.500000000 0.000000000 0.000000000 0.813811421 -0.030249793 0.580341220 0.684954661 0.060817171 0.997593820 -0.033285070 0.040460809 -0.577937961 0.062382482 0.813692927 -1.620390270
220320000 0.480481398 0.854189121 0.500000000 0.500000000 0.000000000 0.000000000 0.811219871 -0.030340806 0.583953559 0.687885784 0.061202019 0.997573435 -0.033189479 0.043410706 -0.581529558 0.062663101 0.811108291 -1.648040757
220353000 0.480481398 0.854189121 0.500000000 0.500000000 0.000000000 0.000000000 0.808570743 -0.030291691 0.587618768 0.690252540 0.061333150 0.997572660 -0.032970402 0.044502560 -0.585193634 0.062699407 0.808465958 -1.676170076
220387000 0.480481398 0.854189121 0.500000000 0.500000000 0.000000000 0.000000000 0.805912435 -0.030322233 0.591257751 0.692401393 0.061644375 0.997556925 -0.032865219 0.046802097 -0.588816702 0.062934205 0.805812716 -1.704968734
220420000 0.480481398 0.854189121 0.500000000 0.500000000 0.000000000 0.000000000 0.803272665 -0.030456817 0.594832242 0.694527374 0.062039923 0.997537732 -0.032703590 0.049418696 -0.592371583 0.063173249 0.803184330 -1.733750320
220453000 0.480481398 0.854189121 0.500000000 0.500000000 0.000000000 0.000000000 0.800602078 -0.030505363 0.598419368 0.696227628 0.062302679 0.997527957 -0.032501794 0.051433615 -0.595948577 0.063304134 0.800523520 -1.762901780
220487000 0.480481398 0.854189121 0.500000000 0.500000000 0.000000000 0.000000000 0.797886670 -0.030556483 0.602032542 0.697120322 0.062525615 0.997522593 -0.032236744 0.053750775 -0.599556029 0.063363723 0.797820508 -1.792326775
220520000 0.480481398 0.854189121 0.500000000 0.500000000 0.000000000 0.000000000 0.795208335 -0.030651256 0.605561018 0.698497182 0.062753707 0.997518599 -0.031915978 0.056536936 -0.603080153 0.063381054 0.795158625 -1.822053801
220553000 0.480481398 0.854189121 0.500000000 0.500000000 0.000000000 0.000000000 0.792489648 -0.030788360 0.609107733 0.699520244 0.063042901 0.997510374 -0.031602196 0.059729504 -0.606618285 0.063444331 0.792457640 -1.852377802
220587000 0.480481398 0.854189121 0.500000000 0.500000000 0.000000000 0.000000000 0.789763212 -0.030934041 0.612631321 0.700829269 0.063368462 0.997498512 -0.031322949 0.063239603 -0.610129893 0.063559219 0.789747894 -1.883306360
220620000 0.480481398 0.854189121 0.500000000 0.500000000 0.000000000 0.000000000 0.787025571 -0.031193644 0.616131246 0.702300037 0.063805953 0.997480631 -0.031002911 0.067292072 -0.613611877 0.063712925 0.787033141 -1.914549024
220653000 0.480481398 0.854189121 0.500000000 0.500000000 0.000000000 0.000000000 0.784229934 -0.031456996 0.619672358 0.703383935 0.064131401 0.997474492 -0.030526157 0.070513879 -0.617147088 0.063679986 0.784266710 -1.945947098
220687000 0.480481398 0.854189121 0.500000000 0.500000000 0.000000000 0.000000000 0.781411648 -0.031816069 0.623204291 0.704569930 0.064616792 0.997456133 -0.030097969 0.074508066 -0.620661378 0.063788369 0.781479716 -1.977853804
220720000 0.480481398 0.854189121 0.500000000 0.500000000 0.000000000 0.000000000 0.778699815 -0.032170434 0.626571357 0.706130962 0.065160565 0.997430623 -0.029769542 0.079133210 -0.624003768 0.064009279 0.778795302 -2.009177608
220754000 0.480481398 0.854189121 0.500000000 0.500000000 0.000000000 0.000000000 0.776010454 -0.032577403 0.629878104 0.707648017 0.065693289 0.997408211 -0.029348074 0.083148215 -0.627289534 0.064153180 0.776139319 -2.040458342
220787000 0.480481398 0.854189121 0.500000000 0.500000000 0.000000000 0.000000000 0.773408830 -0.033044603 0.633045673 0.709450323 0.066237032 0.997386456 -0.028860588 0.087417607 -0.630437434 0.064252101 0.773576260 -2.071177271
220820000 0.480481398 0.854189121 0.500000000 0.500000000 0.000000000 0.000000000 0.770806849 -0.033468854 0.636189163 0.711051387 0.066805169 0.997359753 -0.028471714 0.091913154 -0.633556545 0.064446919 0.771007597 -2.101415057
220854000 0.480481398 0.854189121 0.500000000 0.500000000 0.000000000 0.000000000 0.768191218 -0.033790004 0.639328122 0.712617153 0.067170016 0.997348666 -0.027996587 0.095120186 -0.636687100 0.064450413 0.768424153 -2.131841332
220887000 0.480481398 0.854189121 0.500000000 0.500000000 0.000000000 0.000000000 0.765550494 -0.034250546 0.642463505 0.714355024 0.067640141 0.997332633 -0.027429968 0.098836959 -0.639810383 0.064455345 0.765825212 -2.162171778
220920000 0.480481398 0.854189121 0.500000000 0.500000000 0.000000000 0.000000000 0.762884974 -0.034684326 0.645603240 0.716007875 0.068140127 0.997312009 -0.026939122 0.102780034 -0.642933488 0.064542934 0.763197720 -2.192555367
220954000 0.480481398 0.854189121 0.500000000 0.500000000 0.000000000 0.000000000 0.760112405 -0.035228804 0.648835897 0.716753946 0.068612099 0.997298539 -0.026230471 0.105744294 -0.646159053 0.064456098 0.760476112 -2.222837706
220987000 0.480481398 0.854189121 0.500000000 0.500000000 0.000000000 0.000000000 0.757406414 -0.035722844 0.651965737 0.718808959 0.069105141 0.997279882 -0.025637859 0.108962374 -0.649276495 0.064472467 0.757814825 -2.253535641
221020000 0.480481398 0.854189121 0.500000000 0.500000000 0.000000000 0.000000000 0.754707754 -0.036321305 0.655054927 0.721282248 0.069576725 0.997266650 -0.024865197 0.111457899 -0.652361333 0.064342536 0.755172014 -2.284280399
221054000 0.480481398 0.854189121 0.500000000 0.500000000 0.000000000 0.000000000 0.752051294 -0.036835812 0.658074439 0.724166713 0.069893293 0.997264445 -0.024052436 0.113723783 -0.655388296 0.064083658 0.752568603 -2.315377452
221087000 0.480481398 0.854189121 0.500000000 0.500000000 0.000000000 0.000000000 0.749706030 -0.037227925 0.660723031 0.728495438 0.070149884 0.997261822 -0.023407390 0.116218839 -0.658042431 0.063898303 0.750264764 -2.346192494
221121000 0.480481398 0.854189121 0.500000000 0.500000000 0.000000000 0.000000000 0.747682214 -0.037532419 0.662995219 0.733639339 0.070198916 0.997274458 -0.022709602 0.118027987 -0.660335839 0.063521110 0.748279095 -2.376728177
221154000 0.480481398 0.854189121 0.500000000 0.500000000 0.000000000 0.000000000 0.746128857 -0.037844703 0.664725125 0.741255682 0.070276640 0.997282624 -0.022104722 0.120380585 -0.662082255 0.063207619 0.746760905 -2.407123911
221187000 0.480481398 0.854189121 0.500000000 0.500000000 0.000000000 0.000000000 0.744861543 -0.038093034 0.666130722 0.749694320 0.070197724 0.997302175 -0.021463238 0.122460799 -0.663516045 0.062748000 0.745526075 -2.437218178
221221000 0.480481398 0.854189121 0.500000000 0.500000000 0.000000000 0.000000000 0.743796706 -0.038393158 0.667302370 0.759256792 0.070147783 0.997319579 -0.020808320 0.124783863 -0.664714813 0.062286943 0.744496167 -2.467090773
221254000 0.480481398 0.854189121 0.500000000 0.500000000 0.000000000 0.000000000 0.742757022 -0.038485434 0.668454111 0.768762580 0.069927149 0.997345984 -0.020279014 0.127224394 -0.665899515 0.061805472 0.743476868 -2.497268514
221287000 0.480481398 0.854189121 0.500000000 0.500000000 0.000000000 0.000000000 0.741737962 -0.038815353 0.669565678 0.778714506 0.069933914 0.997357965 -0.019654287 0.130902537 -0.667033792 0.061403681 0.742492795 -2.527598109
221321000 0.480481398 0.854189121 0.500000000 0.500000000 0.000000000 0.000000000 0.740759611 -0.039247993 0.670622647 0.788979607 0.069944583 0.997372031 -0.018888820 0.134513582 -0.668118954 0.060898498 0.741558135 -2.557703522
221354000 0.480481398 0.854189121 0.500000000 0.500000000 0.000000000 0.000000000 0.739771068 -0.039622124 0.671691000 0.798675017 0.069927059 0.997386456 -0.018180151 0.139092922 -0.669215143 0.060418524 0.740608335 -2.587392834
221388000 0.480481398 0.854189121 0.500000000 0.500000000 0.000000000 0.000000000 0.738795578 -0.039962143 0.672743738 0.807872360 0.069750212 0.997413576 -0.017350389 0.143314195 -0.670310378 0.059742410 0.739672065 -2.616808350
221421000 0.480481398 0.854189121 0.500000000 0.500000000 0.000000000 0.000000000 0.737839103 -0.040245235 0.673775792 0.816656648 0.069493182 0.997445583 -0.016522342 0.146926244 -0.671389759 0.059013654 0.738751113 -2.645788874
221454000 0.480481398 0.854189121 0.500000000 0.500000000 0.000000000 0.000000000 0.736830413 -0.040520098 0.674862266 0.824482214 0.069277860 0.997473061 -0.015748883 0.150398523 -0.672518790 0.058357265 0.737775683 -2.674813610
221488000 0.480481398 0.854189121 0.500000000 0.500000000 0.000000000 0.000000000 0.735846996 -0.040792279 0.675917983 0.832169546 0.069044374 0.997501314 -0.014965937 0.153117510 -0.673618615 0.057680976 0.736824870 -2.703932231
221521000 0.480481398 0.854189121 0.500000000 0.500000000 0.000000000 0.000000000 0.734887242 -0.041200157 0.676936746 0.839704657 0.068804964 0.997532129 -0.013982710 0.155182897 -0.674690068 0.056852322 0.735908389 -2.732851045
221554000 0.480481398 0.854189121 0.500000000 0.500000000 0.000000000 0.000000000 0.733908474 -0.041420463 0.677984297 0.846781673 0.068407401 0.997571409 -0.013104877 0.156441523 -0.675794899 0.055996921 0.734959602 -2.761760355
221588000 0.480481398 0.854189121 0.500000000 0.500000000 0.000000000 0.000000000 0.733016372 -0.041673001 0.678933203 0.853671444 0.068008482 0.997610211 -0.012192545 0.157517315 -0.676802635 0.055110555 0.734098792 -2.790291808
221621000 0.480481398 0.854189121 0.500000000 0.500000000 0.000000000 0.000000000 0.732264578 -0.041972630 0.679725587 0.861030837 0.067672998 0.997643590 -0.011299879 0.158787588 -0.677649558 0.054273572 0.733379483 -2.818923449
221654000 0.480481398 0.854189121 0.500000000 0.500000000 0.000000000 0.000000000 0.731694520 -0.042256124 0.680321634 0.869035800 0.067292087 0.997679055 -0.010405670 0.159644605 -0.678302944 0.053394035 0.732839823 -2.847950278
221688000 0.480481398 0.854189121 0.500000000 0.500000000 0.000000000 0.000000000 0.731250048 -0.042640053 0.680775404 0.877588491 0.067009889 0.997707188 -0.009487261 0.160431171 -0.678810000 0.052556243 0.732430756 -2.877350782
221721000 0.480481398 0.854189121 0.500000000 0.500000000 0.000000000 0.000000000 0.730842471 -0.042942848 0.681193948 0.886183997 0.066629775 0.997740805 -0.008587910 0.160472317 -0.679286242 0.051664207 0.732052624 -2.906732114
221755000 0.480481398 0.854189121 0.500000000 0.500000000 0.000000000 0.000000000 0.730377734 -0.043258842 0.681672215 0.894200535 0.066257879 0.997773051 -0.007673444 0.160023351 -0.679822206 0.050770670 0.731617451 -2.936572474
221788000 0.480481398 0.854189121 0.500000000 0.500000000 0.000000000 0.000000000 0.729912460 -0.043492649 0.682155550 0.902222790 0.065795749 0.997810066 -0.006783987 0.159241236 -0.680366576 0.049834650 0.731175601 -2.967012182
221821000 0.480481398 0.854189121 0.500000000 0.500000000 0.000000000 0.000000000 0.729417503 -0.043752775 0.682668090 0.909736791 0.065465875 0.997836769 -0.005996811 0.159062045 -0.680929005 0.049065646 0.730703950 -2.997637246
221855000 0.480481398 0.854189121 0.500000000 0.500000000 0.000000000 0.000000000 0.728951931 -0.043997332 0.683149576 0.917598030 0.065041199 0.997869372 -0.005135507 0.158054251 -0.681468070 0.048176408 0.730260432 -3.028512619
221888000 0.480481398 0.854189121 0.500000000 0.500000000 0.000000000 0.000000000 0.728386641 -0.044160899 0.683741689 0.924801608 0.064528130 0.997906685 -0.004289597 0.157230788 -0.682120979 0.047245059 0.729711533 -3.059641322
221921000 0.480481398 0.854189121 0.500000000 0.500000000 0.000000000 0.000000000 0.727884889 -0.044434913 0.684258103 0.932468697 0.064076267 0.997939348 -0.003356629 0.156721028 -0.682698905 0.046287946 0.729232192 -3.090995994
221955000 0.480481398 0.854189121 0.500000000 0.500000000 0.000000000 0.000000000 0.727556407 -0.044615977 0.684595525 0.941047126 0.063656345 0.997968435 -0.002612122 0.157156403 -0.683088243 0.045479316 0.728918433 -3.122160503
221988000 0.480481398 0.854189121 0.500000000 0.500000000 0.000000000 0.000000000 0.727517605 -0.044711027 0.684630573 0.951243075 0.063179329 0.998000264 -0.001960849 0.157580347 -0.683173835 0.044681057 0.728887558 -3.153315486
222021000 0.480481398 0.854189121 0.500000000 0.500000000 0.000000000 0.000000000 0.727619708 -0.044939000 0.684507132 0.961770303 0.062820658 0.998024046 -0.001255432 0.158579804 -0.683098137 0.043914668 0.729005098 -3.184105978
222055000 0.480481398 0.854189121 0.500000000 0.500000000 0.000000000 0.000000000 0.727933466 -0.045230146 0.684154272 0.973884162 0.062421620 0.998049796 -0.000433895 0.159170770 -0.682800412 0.043021865 0.729337156 -3.214596517
222088000 0.480481398 0.854189121 0.500000000 0.500000000 0.000000000 0.000000000 0.728361189 -0.045542095 0.683678210 0.986780279 0.062058937 0.998072445 0.000370039 0.159776162 -0.682377219 0.042158820 0.729783535 -3.244942558
222122000 0.480481398 0.854189121 0.500000000 0.500000000 0.000000000 0.000000000 0.728701472 -0.045828875 0.683296382 0.998941597 0.061688960 0.998094738 0.001154296 0.160535934 -0.682047427 0.041310705 0.730140209 -3.275107748
222155000 0.480481398 0.854189121 0.500000000 0.500000000 0.000000000 0.000000000 0.729089677 -0.046050359 0.682867229 1.011671114 0.061223622 0.998122156 0.001942364 0.161008274 -0.681674361 0.040391445 0.730539918 -3.304827317
222188000 0.480481398 0.854189121 0.500000000 0.500000000 0.000000000 0.000000000 0.729398310 -0.046221998 0.682525873 1.024044703 0.060634673 0.998156130 0.002798337 0.161017792 -0.681396723 0.039343633 0.730856061 -3.334643771
222222000 0.480481398 0.854189121 0.500000000 0.500000000 0.000000000 0.000000000 0.729683638 -0.046476047 0.682203650 1.036681852 0.060157750 0.998182178 0.003657908 0.161297751 -0.681133509 0.038370721 0.731153071 -3.364089031
222255000 0.480481398 0.854189121 0.500000000 0.500000000 0.000000000 0.000000000 0.730009973 -0.046823971 0.681830585 1.050176650 0.059804104 0.998199880 0.004520318 0.161877338 -0.680814862 0.037476391 0.731496155 -3.393397288
222288000 0.480481398 0.854189121 0.500000000 0.500000000 0.000000000 0.000000000 0.730427444 -0.047390800 0.681344151 1.064625271 0.059648864 0.998204350 0.005484062 0.162502244 -0.680380583 0.036635697 0.731942654 -3.422615959
222322000 0.480481398 0.854189121 0.500000000 0.500000000 0.000000000 0.000000000 0.731159687 -0.047941647 0.680519760 1.081341291 0.059753276 0.998194396 0.006121645 0.165180733 -0.679584503 0.036187384 0.732704163 -3.451536869
222355000 0.480481398 0.854189121 0.500000000 0.500000000 0.000000000 0.000000000 0.732259631 -0.048653632 0.679285407 1.100297419 0.059915990 0.998179555 0.006905788 0.167650641 -0.678384781 0.035643227 0.733841717 -3.480032900
222389000 0.480481398 0.854189121 0.500000000 0.500000000 0.000000000 0.000000000 0.733773828 -0.049348895 0.677599192 1.121917320 0.060022559 0.998167336 0.007696988 0.169463713 -0.676737249 0.035023391 0.735391080 -3.507884451
222422000 0.480481398 0.854189121 0.500000000 0.500000000 0.000000000 0.000000000 0.735594749 -0.049900461 0.675581455 1.145311875 0.059972424 0.998164475 0.008427501 0.170507315 -0.674761891 0.034317032 0.737237215 -3.535486578
222455000 0.480481398 0.854189121 0.500000000 0.500000000 0.000000000 0.000000000 0.737624288 -0.050401848 0.673327565 1.170043922 0.059913050 0.998162270 0.009083095 0.171835975 -0.672547996 0.033641201 0.739288449 -3.562818494
222489000 0.480481398 0.854189121 0.500000000 0.500000000 0.000000000 0.000000000 0.739744067 -0.050603531 0.670982838 1.195021768 0.059521403 0.998180330 0.009658727 0.171800668 -0.670250595 0.032792855 0.741409957 -3.589829756
