https://www.youtube.com/watch?v=rzzPFnhdMMc
124624500 0.500628568 0.890006403 0.500000000 0.500000000 0.000000000 0.000000000 0.999992490 0.002018944 0.003317065 -0.100929097 -0.002017100 0.999997795 -0.000559258 0.023420048 -0.003318186 0.000552563 0.999994338 -0.020026847
124657867 0.500628568 0.890006403 0.500000000 0.500000000 0.000000000 0.000000000 0.999991894 0.002065512 0.003453126 -0.105155326 -0.002063845 0.999997735 -0.000486180 0.024280874 -0.003454122 0.000479050 0.999993920 -0.020918285
124691233 0.500628568 0.890006403 0.500000000 0.500000000 0.000000000 0.000000000 0.999991357 0.002122214 0.003569258 -0.109358372 -0.002120473 0.999997616 -0.000491379 0.025398839 -0.003570292 0.000483807 0.999993503 -0.021752275
124724600 0.500628568 0.890006403 0.500000000 0.500000000 0.000000000 0.000000000 0.999990821 0.002170780 0.003697765 -0.113627924 -0.002169319 0.999997556 -0.000398977 0.026201026 -0.003698622 0.000390951 0.999993086 -0.022638273
124757967 0.500628568 0.890006403 0.500000000 0.500000000 0.000000000 0.000000000 0.999990463 0.002209346 0.003761782 -0.117557870 -0.002208059 0.999997497 -0.000346009 0.027196368 -0.003762537 0.000337700 0.999992847 -0.023547361
124791333 0.500628568 0.890006403 0.500000000 0.500000000 0.000000000 0.000000000 0.999989450 0.002309245 0.003972381 -0.121783151 -0.002308602 0.999997318 -0.000166616 0.028130091 -0.003972755 0.000157444 0.999992073 -0.024285601
124824700 0.500628568 0.890006403 0.500000000 0.500000000 0.000000000 0.000000000 0.999988735 0.002358044 0.004125522 -0.125881376 -0.002357829 0.999997199 -0.000057089 0.029051090 -0.004125644 0.000047361 0.999991477 -0.025146811
124858067 0.500628568 0.890006403 0.500000000 0.500000000 0.000000000 0.000000000 0.999988139 0.002391795 0.004238718 -0.129945300 -0.002392226 0.999997139 0.000096698 0.029660872 -0.004238474 -0.000106837 0.999991000 -0.026030529
124891433 0.500628568 0.890006403 0.500000000 0.500000000 0.000000000 0.000000000 0.999987781 0.002326807 0.004357077 -0.133968971 -0.002327071 0.999997318 0.000055443 0.030916367 -0.004356936 -0.000065581 0.999990523 -0.026837771
124924800 0.500628568 0.890006403 0.500000000 0.500000000 0.000000000 0.000000000 0.999987423 0.002328393 0.004448376 -0.137769902 -0.002328801 0.999997258 0.000086486 0.031736648 -0.004448162 -0.000096844 0.999990106 -0.027572488
124958167 0.500628568 0.890006403 0.500000000 0.500000000 0.000000000 0.000000000 0.999987066 0.002314308 0.004525983 -0.141750882 -0.002314440 0.999997318 0.000024012 0.032765276 -0.004525915 -0.000034487 0.999989748 -0.028449646
124991533 0.500628568 0.890006403 0.500000000 0.500000000 0.000000000 0.000000000 0.999986649 0.002300062 0.004631198 -0.145721174 -0.002300027 0.999997377 -0.000012945 0.033623830 -0.004631216 0.000002293 0.999989271 -0.029342349
125024900 0.500628568 0.890006403 0.500000000 0.500000000 0.000000000 0.000000000 0.999986291 0.002301130 0.004701902 -0.149608785 -0.002300916 0.999997377 -0.000050841 0.034587290 -0.004702006 0.000040022 0.999988973 -0.030159678
125058267 0.500628568 0.890006403 0.500000000 0.500000000 0.000000000 0.000000000 0.999985993 0.002254510 0.004791440 -0.153379771 -0.002253922 0.999997437 -0.000128015 0.035787548 -0.004791716 0.000117214 0.999988496 -0.030969842
125091633 0.500628568 0.890006403 0.500000000 0.500000000 0.000000000 0.000000000 0.999984801 0.002269311 0.005027392 -0.157716636 -0.002269161 0.999997437 -0.000035528 0.036505390 -0.005027460 0.000024120 0.999987364 -0.031732731
125125000 0.500628568 0.890006403 0.500000000 0.500000000 0.000000000 0.000000000 0.999984622 0.002265701 0.005062003 -0.161421775 -0.002266024 0.999997437 0.000058023 0.037338235 -0.005061858 -0.000069492 0.999987185 -0.032618453
125158367 0.500628568 0.890006403 0.500000000 0.500000000 0.000000000 0.000000000 0.999984324 0.002272281 0.005122601 -0.165352748 -0.002272660 0.999997437 0.000068269 0.038107610 -0.005122432 -0.000079910 0.999986887 -0.033460989
125191733 0.500628568 0.890006403 0.500000000 0.500000000 0.000000000 0.000000000 0.999984086 0.002245436 0.005170582 -0.169245090 -0.002245353 0.999997497 -0.000021916 0.039110290 -0.005170618 0.000010306 0.999986649 -0.034233400
125225100 0.500628568 0.890006403 0.500000000 0.500000000 0.000000000 0.000000000 0.999983966 0.002213404 0.005215476 -0.173038838 -0.002213337 0.999997556 -0.000018726 0.040035484 -0.005215504 0.000007182 0.999986410 -0.035190566
125258467 0.500628568 0.890006403 0.500000000 0.500000000 0.000000000 0.000000000 0.999983191 0.002250951 0.005341619 -0.176910675 -0.002250938 0.999997437 -0.000008453 0.040853656 -0.005341624 -0.000003571 0.999985754 -0.035956467
125291833 0.500628568 0.890006403 0.500000000 0.500000000 0.000000000 0.000000000 0.999982893 0.002240170 0.005404702 -0.180695535 -0.002239824 0.999997497 -0.000069928 0.041916726 -0.005404845 0.000057821 0.999985397 -0.036698612
125325200 0.500628568 0.890006403 0.500000000 0.500000000 0.000000000 0.000000000 0.999982178 0.002202102 0.005546861 -0.184549497 -0.002202465 0.999997556 0.000059299 0.042502281 -0.005546717 -0.000071515 0.999984622 -0.037588617
125358567 0.500628568 0.890006403 0.500000000 0.500000000 0.000000000 0.000000000 0.999981761 0.002154192 0.005644776 -0.188147079 -0.002154567 0.999997675 0.000060251 0.043458419 -0.005644633 -0.000072412 0.999984086 -0.038362182
125391933 0.500628568 0.890006403 0.500000000 0.500000000 0.000000000 0.000000000 0.999981403 0.002152257 0.005706199 -0.191786426 -0.002153076 0.999997675 0.000137229 0.044202497 -0.005705890 -0.000149512 0.999983728 -0.039078304
125425300 0.500628568 0.890006403 0.500000000 0.500000000 0.000000000 0.000000000 0.999980748 0.002103513 0.005834934 -0.195507711 -0.002104290 0.999997795 0.000127042 0.045192227 -0.005834654 -0.000139318 0.999982953 -0.039894939
125458667 0.500628568 0.890006403 0.500000000 0.500000000 0.000000000 0.000000000 0.999980152 0.002092910 0.005939275 -0.199165336 -0.002093701 0.999997795 0.000126948 0.045905761 -0.005938997 -0.000139381 0.999982357 -0.040530393
125492033 0.500628568 0.890006403 0.500000000 0.500000000 0.000000000 0.000000000 0.999979615 0.002062704 0.006039527 -0.202825540 -0.002063257 0.999997854 0.000085364 0.046926715 -0.006039338 -0.000097823 0.999981761 -0.041271996
125525400 0.500628568 0.890006403 0.500000000 0.500000000 0.000000000 0.000000000 0.999979198 0.002090180 0.006097503 -0.206229963 -0.002091784 0.999997795 0.000256599 0.047471227 -0.006096954 -0.000269348 0.999981403 -0.042199428
125558767 0.500628568 0.890006403 0.500000000 0.500000000 0.000000000 0.000000000 0.999978542 0.002060135 0.006220250 -0.209727025 -0.002061426 0.999997854 0.000201178 0.048444593 -0.006219822 -0.000213996 0.999980628 -0.042864689
125592133 0.500628568 0.890006403 0.500000000 0.500000000 0.000000000 0.000000000 0.999977648 0.002063666 0.006358373 -0.213305510 -0.002065412 0.999997854 0.000268017 0.049214838 -0.006357806 -0.000281144 0.999979734 -0.043587554
125625500 0.500628568 0.890006403 0.500000000 0.500000000 0.000000000 0.000000000 0.999977291 0.002049122 0.006416122 -0.216545106 -0.002051021 0.999997854 0.000289372 0.050044426 -0.006415516 -0.000302525 0.999979377 -0.044300365
125658867 0.500628568 0.890006403 0.500000000 0.500000000 0.000000000 0.000000000 0.999976337 0.002027226 0.006573445 -0.220137622 -0.002029499 0.999997854 0.000339029 0.050874170 -0.006572743 -0.000352362 0.999978364 -0.044952712
125692233 0.500628568 0.890006403 0.500000000 0.500000000 0.000000000 0.000000000 0.999975801 0.002027658 0.006653197 -0.223460665 -0.002030313 0.999997854 0.000392239 0.051695919 -0.006652388 -0.000405738 0.999977767 -0.045591184
125725600 0.500628568 0.890006403 0.500000000 0.500000000 0.000000000 0.000000000 0.999974728 0.002004498 0.006821746 -0.226698221 -0.002007923 0.999997854 0.000495335 0.052358959 -0.006820739 -0.000509020 0.999976635 -0.046327981
125758967 0.500628568 0.890006403 0.500000000 0.500000000 0.000000000 0.000000000 0.999974251 0.001951945 0.006902589 -0.230176662 -0.001956019 0.999997914 0.000583420 0.052976477 -0.006901436 -0.000596907 0.999975979 -0.046918553
125792333 0.500628568 0.890006403 0.500000000 0.500000000 0.000000000 0.000000000 0.999973834 0.001891332 0.006981662 -0.233388298 -0.001894788 0.999998093 0.000488502 0.054011346 -0.006980725 -0.000501718 0.999975502 -0.047661341
125825700 0.500628568 0.890006403 0.500000000 0.500000000 0.000000000 0.000000000 0.999973059 0.001860533 0.007099633 -0.236817505 -0.001864641 0.999998093 0.000571948 0.054661812 -0.007098556 -0.000585171 0.999974608 -0.048406882
125859067 0.500628568 0.890006403 0.500000000 0.500000000 0.000000000 0.000000000 0.999972224 0.001825814 0.007228146 -0.240389812 -0.001830468 0.999998093 0.000637322 0.055349562 -0.007226969 -0.000650535 0.999973655 -0.049058022
125892433 0.500628568 0.890006403 0.500000000 0.500000000 0.000000000 0.000000000 0.999972045 0.001802995 0.007255918 -0.243710051 -0.001807869 0.999998152 0.000665187 0.056210654 -0.007254706 -0.000678286 0.999973476 -0.049760918
125925800 0.500628568 0.890006403 0.500000000 0.500000000 0.000000000 0.000000000 0.999971330 0.001781455 0.007363680 -0.247177999 -0.001786082 0.999998212 0.000621797 0.057028775 -0.007362559 -0.000634931 0.999972701 -0.050512203
125959167 0.500628568 0.890006403 0.500000000 0.500000000 0.000000000 0.000000000 0.999970734 0.001732623 0.007450118 -0.250734681 -0.001736677 0.999998331 0.000537848 0.058013906 -0.007449174 -0.000550771 0.999972105 -0.051311489
125992533 0.500628568 0.890006403 0.500000000 0.500000000 0.000000000 0.000000000 0.999970019 0.001690197 0.007556307 -0.254428949 -0.001694173 0.999998450 0.000519777 0.058818623 -0.007555417 -0.000532563 0.999971330 -0.052014633
126025900 0.500628568 0.890006403 0.500000000 0.500000000 0.000000000 0.000000000 0.999969423 0.001669117 0.007643358 -0.257994816 -0.001672888 0.999998510 0.000487045 0.059682038 -0.007642534 -0.000499817 0.999970675 -0.052809366
126059267 0.500628568 0.890006403 0.500000000 0.500000000 0.000000000 0.000000000 0.999969006 0.001564967 0.007714591 -0.261687499 -0.001568414 0.999998689 0.000440806 0.060518514 -0.007713891 -0.000452892 0.999970138 -0.053587678
126092633 0.500628568 0.890006403 0.500000000 0.500000000 0.000000000 0.000000000 0.999967992 0.001603906 0.007839090 -0.265554070 -0.001607112 0.999998629 0.000402684 0.061461065 -0.007838434 -0.000415269 0.999969184 -0.054415370
126126000 0.500628568 0.890006403 0.500000000 0.500000000 0.000000000 0.000000000 0.999967277 0.001560990 0.007935964 -0.269354196 -0.001564221 0.999998689 0.000400921 0.062303703 -0.007935327 -0.000413321 0.999968410 -0.055240640
126159367 0.500628568 0.890006403 0.500000000 0.500000000 0.000000000 0.000000000 0.999965966 0.001541730 0.008106823 -0.273424066 -0.001545322 0.999998689 0.000436936 0.063171662 -0.008106139 -0.000449449 0.999967039 -0.055994445
126192733 0.500628568 0.890006403 0.500000000 0.500000000 0.000000000 0.000000000 0.999965429 0.001500728 0.008180318 -0.277324212 -0.001503536 0.999998808 0.000337106 0.064367435 -0.008179802 -0.000349393 0.999966502 -0.056748941
126226100 0.500628568 0.890006403 0.500000000 0.500000000 0.000000000 0.000000000 0.999964774 0.001472215 0.008261797 -0.281195288 -0.001475125 0.999998868 0.000346161 0.065144031 -0.008261278 -0.000358336 0.999965787 -0.057631084
126259467 0.500628568 0.890006403 0.500000000 0.500000000 0.000000000 0.000000000 0.999963999 0.001462546 0.008358379 -0.285196963 -0.001464915 0.999998868 0.000277391 0.066181468 -0.008357964 -0.000289625 0.999965012 -0.058484146
126292833 0.500628568 0.890006403 0.500000000 0.500000000 0.000000000 0.000000000 0.999963105 0.001436535 0.008471902 -0.289210714 -0.001438061 0.999998927 0.000174043 0.067167941 -0.008471644 -0.000186220 0.999964118 -0.059177330
126326200 0.500628568 0.890006403 0.500000000 0.500000000 0.000000000 0.000000000 0.999962866 0.001412594 0.008504125 -0.292958944 -0.001414511 0.999998987 0.000219422 0.068007016 -0.008503807 -0.000231443 0.999963820 -0.060160715
126359567 0.500628568 0.890006403 0.500000000 0.500000000 0.000000000 0.000000000 0.999961793 0.001346853 0.008639012 -0.296856821 -0.001349205 0.999999046 0.000266431 0.069016141 -0.008638646 -0.000278076 0.999962628 -0.060909652
126392933 0.500628568 0.890006403 0.500000000 0.500000000 0.000000000 0.000000000 0.999960661 0.001387597 0.008763124 -0.300752805 -0.001390398 0.999998987 0.000313584 0.069892093 -0.008762680 -0.000325756 0.999961555 -0.061589227
126426300 0.500628568 0.890006403 0.500000000 0.500000000 0.000000000 0.000000000 0.999959648 0.001391472 0.008874788 -0.304434600 -0.001395037 0.999998927 0.000395434 0.070748632 -0.008874228 -0.000407799 0.999960542 -0.062382653
126459667 0.500628568 0.890006403 0.500000000 0.500000000 0.000000000 0.000000000 0.999958396 0.001342960 0.009020137 -0.308226068 -0.001347469 0.999998987 0.000493834 0.071459673 -0.009019464 -0.000505968 0.999959171 -0.063165914
126493033 0.500628568 0.890006403 0.500000000 0.500000000 0.000000000 0.000000000 0.999957502 0.001419698 0.009107596 -0.311909994 -0.001425595 0.999998808 0.000641038 0.072168848 -0.009106675 -0.000653994 0.999958336 -0.063983584
126526400 0.500628568 0.890006403 0.500000000 0.500000000 0.000000000 0.000000000 0.999956369 0.001386590 0.009238143 -0.315689910 -0.001393361 0.999998748 0.000726579 0.073026248 -0.009237125 -0.000739420 0.999957085 -0.064642192
126559767 0.500628568 0.890006403 0.500000000 0.500000000 0.000000000 0.000000000 0.999955595 0.001348550 0.009325322 -0.319318989 -0.001354456 0.999998868 0.000627094 0.074029758 -0.009324466 -0.000639697 0.999956310 -0.065403737
126593133 0.500628568 0.890006403 0.500000000 0.500000000 0.000000000 0.000000000 0.999954045 0.001372292 0.009488812 -0.323195517 -0.001378131 0.999998868 0.000608795 0.074748900 -0.009487966 -0.000621843 0.999954820 -0.066245264
126626500 0.500628568 0.890006403 0.500000000 0.500000000 0.000000000 0.000000000 0.999954104 0.001307157 0.009490133 -0.326588927 -0.001311981 0.999998987 0.000502170 0.075558505 -0.009489467 -0.000514598 0.999954820 -0.066989874
126659867 0.500628568 0.890006403 0.500000000 0.500000000 0.000000000 0.000000000 0.999952674 0.001250030 0.009649889 -0.330371694 -0.001253884 0.999999166 0.000393407 0.076524617 -0.009649388 -0.000405488 0.999953389 -0.067716345
126693233 0.500628568 0.890006403 0.500000000 0.500000000 0.000000000 0.000000000 0.999951661 0.001247934 0.009750701 -0.334028259 -0.001251430 0.999999166 0.000352472 0.077424861 -0.009750254 -0.000364657 0.999952376 -0.068486547
126726600 0.500628568 0.890006403 0.500000000 0.500000000 0.000000000 0.000000000 0.999950886 0.001188666 0.009839721 -0.337535233 -0.001192460 0.999999225 0.000379706 0.078342562 -0.009839262 -0.000391421 0.999951541 -0.069287581
126759967 0.500628568 0.890006403 0.500000000 0.500000000 0.000000000 0.000000000 0.999949098 0.001204679 0.010016442 -0.341314104 -0.001209284 0.999999166 0.000453756 0.078955608 -0.010015887 -0.000465846 0.999949753 -0.070025407
