https://www.youtube.com/watch?v=4hCGsYke7k0
181748233 0.493232836 0.876858400 0.500000000 0.500000000 0.000000000 0.000000000 0.999948740 0.008473675 0.005540990 0.011330870 -0.008533960 0.999903619 0.010948390 -0.017121573 -0.005447683 -0.010995115 0.999924719 -0.197532754
181781600 0.493232836 0.876858400 0.500000000 0.500000000 0.000000000 0.000000000 0.999946594 0.008744372 0.005505657 0.010941905 -0.008804522 0.999900758 0.010997240 -0.017066253 -0.005408946 -0.011045127 0.999924362 -0.201799359
181814967 0.493232836 0.876858400 0.500000000 0.500000000 0.000000000 0.000000000 0.999947131 0.008920817 0.005119633 0.011528656 -0.008978531 0.999895155 0.011363092 -0.017922402 -0.005017728 -0.011408458 0.999922335 -0.206338696
181848333 0.493232836 0.876858400 0.500000000 0.500000000 0.000000000 0.000000000 0.999945760 0.009173522 0.004926147 0.011632444 -0.009230280 0.999889791 0.011625484 -0.018561154 -0.004818958 -0.011670323 0.999920309 -0.210999528
181881700 0.493232836 0.876858400 0.500000000 0.500000000 0.000000000 0.000000000 0.999946713 0.009240731 0.004607994 0.012231989 -0.009293556 0.999889791 0.011577526 -0.018253736 -0.004500501 -0.011619734 0.999922335 -0.215804224
181915067 0.493232836 0.876858400 0.500000000 0.500000000 0.000000000 0.000000000 0.999947667 0.009201767 0.004469523 0.012425154 -0.009254076 0.999887228 0.011827174 -0.018625533 -0.004360188 -0.011867915 0.999920070 -0.220681823
181948433 0.493232836 0.876858400 0.500000000 0.500000000 0.000000000 0.000000000 0.999947250 0.009351415 0.004247558 0.012886230 -0.009402459 0.999881864 0.012160601 -0.019170529 -0.004133338 -0.012199896 0.999917030 -0.225492162
181981800 0.493232836 0.876858400 0.500000000 0.500000000 0.000000000 0.000000000 0.999949992 0.009159592 0.004021451 0.013446631 -0.009208730 0.999881029 0.012375501 -0.019275989 -0.003907618 -0.012411914 0.999915361 -0.230199642
182015167 0.493232836 0.876858400 0.500000000 0.500000000 0.000000000 0.000000000 0.999952376 0.009005422 0.003762832 0.013853344 -0.009051478 0.999882042 0.012407461 -0.019079602 -0.003650653 -0.012440929 0.999915957 -0.234921410
182048533 0.493232836 0.876858400 0.500000000 0.500000000 0.000000000 0.000000000 0.999956787 0.008595177 0.003541273 0.014101271 -0.008638464 0.999885857 0.012395280 -0.018942179 -0.003434329 -0.012425336 0.999916911 -0.239565826
182081900 0.493232836 0.876858400 0.500000000 0.500000000 0.000000000 0.000000000 0.999961197 0.008272022 0.003032267 0.014999701 -0.008309578 0.999886215 0.012589321 -0.019341713 -0.002927783 -0.012614029 0.999916136 -0.244271391
182115267 0.493232836 0.876858400 0.500000000 0.500000000 0.000000000 0.000000000 0.999966085 0.007770396 0.002718836 0.015310248 -0.007803628 0.999892235 0.012433284 -0.019216694 -0.002621932 -0.012454079 0.999918997 -0.248773670
182148633 0.493232836 0.876858400 0.500000000 0.500000000 0.000000000 0.000000000 0.999971926 0.007179035 0.002137306 0.016165496 -0.007204486 0.999900222 0.012148420 -0.018753471 -0.002049878 -0.012163478 0.999923944 -0.253219736
182182000 0.493232836 0.876858400 0.500000000 0.500000000 0.000000000 0.000000000 0.999976575 0.006611229 0.001788261 0.016360034 -0.006632720 0.999902487 0.012290785 -0.019212764 -0.001706829 -0.012302359 0.999922872 -0.258147696
182215367 0.493232836 0.876858400 0.500000000 0.500000000 0.000000000 0.000000000 0.999980450 0.006096863 0.001381590 0.016973546 -0.006113055 0.999908864 0.012035547 -0.018593506 -0.001308085 -0.012043757 0.999926627 -0.262394612
182248733 0.493232836 0.876858400 0.500000000 0.500000000 0.000000000 0.000000000 0.999983370 0.005640430 0.001193257 0.017038595 -0.005654178 0.999913812 0.011849656 -0.017997921 -0.001126317 -0.011856206 0.999929070 -0.267088461
182282100 0.493232836 0.876858400 0.500000000 0.500000000 0.000000000 0.000000000 0.999986768 0.005043934 0.001003678 0.016942267 -0.005055477 0.999916971 0.011851597 -0.017920171 -0.000943816 -0.011856514 0.999929249 -0.272027335
182315467 0.493232836 0.876858400 0.500000000 0.500000000 0.000000000 0.000000000 0.999989688 0.004467111 0.000845467 0.016932300 -0.004476694 0.999921620 0.011694008 -0.017531516 -0.000793163 -0.011697672 0.999931276 -0.276973102
182348833 0.493232836 0.876858400 0.500000000 0.500000000 0.000000000 0.000000000 0.999991655 0.004016347 0.000709372 0.017034242 -0.004024219 0.999926150 0.011467488 -0.017268156 -0.000663262 -0.011470247 0.999934018 -0.282019966
182382200 0.493232836 0.876858400 0.500000000 0.500000000 0.000000000 0.000000000 0.999994099 0.003392782 0.000518067 0.017470066 -0.003398534 0.999927640 0.011538210 -0.017689736 -0.000478883 -0.011539903 0.999933302 -0.287214602
182415567 0.493232836 0.876858400 0.500000000 0.500000000 0.000000000 0.000000000 0.999995232 0.003032252 0.000537453 0.017667906 -0.003037990 0.999934673 0.011017199 -0.017349277 -0.000504011 -0.011018780 0.999939144 -0.292274071
182448933 0.493232836 0.876858400 0.500000000 0.500000000 0.000000000 0.000000000 0.999996424 0.002584597 0.000651728 0.017733916 -0.002591469 0.999938607 0.010773389 -0.018020623 -0.000623843 -0.010775039 0.999941766 -0.297611780
182482300 0.493232836 0.876858400 0.500000000 0.500000000 0.000000000 0.000000000 0.999997079 0.002322986 0.000696612 0.018090854 -0.002329856 0.999947011 0.010029208 -0.017762468 -0.000673278 -0.010030801 0.999949455 -0.302903650
182515667 0.493232836 0.876858400 0.500000000 0.500000000 0.000000000 0.000000000 0.999997377 0.002120333 0.000871926 0.018404858 -0.002128331 0.999954700 0.009276552 -0.017562058 -0.000852217 -0.009278383 0.999956608 -0.308219464
182549033 0.493232836 0.876858400 0.500000000 0.500000000 0.000000000 0.000000000 0.999997675 0.001823157 0.001144213 0.018360961 -0.001833174 0.999959469 0.008815891 -0.018166272 -0.001128094 -0.008817968 0.999960482 -0.313815153
182582400 0.493232836 0.876858400 0.500000000 0.500000000 0.000000000 0.000000000 0.999998212 0.001485088 0.001174669 0.018929706 -0.001494841 0.999964058 0.008346076 -0.018517793 -0.001162232 -0.008347818 0.999964476 -0.319425461
182615767 0.493232836 0.876858400 0.500000000 0.500000000 0.000000000 0.000000000 0.999998510 0.001126860 0.001289534 0.019277033 -0.001136914 0.999968767 0.007823057 -0.018825364 -0.001280678 -0.007824512 0.999968588 -0.324991538
182649133 0.493232836 0.876858400 0.500000000 0.500000000 0.000000000 0.000000000 0.999998391 0.000826223 0.001579883 0.019268050 -0.000837628 0.999973476 0.007231575 -0.018892584 -0.001573867 -0.007232887 0.999972582 -0.330584519
182682500 0.493232836 0.876858400 0.500000000 0.500000000 0.000000000 0.000000000 0.999998152 0.000395930 0.001882704 0.018876497 -0.000408658 0.999977052 0.006765279 -0.019134976 -0.001879982 -0.006766037 0.999975324 -0.336471644
182715867 0.493232836 0.876858400 0.500000000 0.500000000 0.000000000 0.000000000 0.999997795 0.000055068 0.002088869 0.018697545 -0.000068419 0.999979556 0.006391890 -0.019391773 -0.002088474 -0.006392019 0.999977410 -0.341951820
182749233 0.493232836 0.876858400 0.500000000 0.500000000 0.000000000 0.000000000 0.999997497 -0.000365447 0.002210200 0.018307246 0.000352159 0.999981880 0.006009578 -0.019829385 -0.002212357 -0.006008784 0.999979496 -0.347671785
182782600 0.493232836 0.876858400 0.500000000 0.500000000 0.000000000 0.000000000 0.999997377 -0.000702599 0.002177135 0.018345099 0.000690328 0.999983907 0.005631741 -0.020439255 -0.002181056 -0.005630224 0.999981761 -0.353568848
182815967 0.493232836 0.876858400 0.500000000 0.500000000 0.000000000 0.000000000 0.999997020 -0.001022231 0.002215322 0.017852252 0.001010873 0.999986351 0.005121832 -0.020904640 -0.002220528 -0.005119578 0.999984443 -0.359213507
182849333 0.493232836 0.876858400 0.500000000 0.500000000 0.000000000 0.000000000 0.999996960 -0.001269927 0.002103780 0.017449773 0.001260239 0.999988616 0.004600179 -0.021374563 -0.002109598 -0.004597514 0.999987185 -0.365012376
182882700 0.493232836 0.876858400 0.500000000 0.500000000 0.000000000 0.000000000 0.999997020 -0.001441813 0.001972933 0.017155480 0.001433863 0.999990880 0.004024744 -0.021565588 -0.001978718 -0.004021903 0.999989927 -0.370695082
182916067 0.493232836 0.876858400 0.500000000 0.500000000 0.000000000 0.000000000 0.999997139 -0.001588342 0.001799302 0.016867567 0.001582187 0.999992907 0.003417050 -0.021655397 -0.001804716 -0.003414193 0.999992549 -0.376280476
182949433 0.493232836 0.876858400 0.500000000 0.500000000 0.000000000 0.000000000 0.999996901 -0.001704673 0.001805658 0.016053972 0.001699377 0.999994278 0.002930833 -0.021885279 -0.001810644 -0.002927756 0.999994099 -0.381994208
182982800 0.493232836 0.876858400 0.500000000 0.500000000 0.000000000 0.000000000 0.999997199 -0.001727655 0.001600661 0.015825239 0.001723517 0.999995172 0.002583254 -0.022104202 -0.001605117 -0.002580488 0.999995410 -0.387077222
183016167 0.493232836 0.876858400 0.500000000 0.500000000 0.000000000 0.000000000 0.999996960 -0.001912426 0.001563091 0.015029623 0.001908844 0.999995530 0.002289510 -0.022266390 -0.001567462 -0.002286520 0.999996185 -0.392516127
183049533 0.493232836 0.876858400 0.500000000 0.500000000 0.000000000 0.000000000 0.999996662 -0.002182330 0.001366103 0.014686315 0.002179563 0.999995589 0.002023105 -0.022099789 -0.001370512 -0.002020121 0.999997020 -0.398147278
183082900 0.493232836 0.876858400 0.500000000 0.500000000 0.000000000 0.000000000 0.999996603 -0.002306655 0.001203088 0.014134072 0.002304569 0.999995828 0.001732084 -0.022140557 -0.001207078 -0.001729305 0.999997795 -0.403223280
183116267 0.493232836 0.876858400 0.500000000 0.500000000 0.000000000 0.000000000 0.999996662 -0.002436864 0.000864686 0.014140494 0.002435667 0.999996066 0.001383704 -0.022025078 -0.000868055 -0.001381594 0.999998689 -0.408642327
183149633 0.493232836 0.876858400 0.500000000 0.500000000 0.000000000 0.000000000 0.999996603 -0.002522083 0.000695654 0.013349199 0.002521388 0.999996305 0.000997929 -0.021980862 -0.000698168 -0.000996172 0.999999285 -0.414046144
183183000 0.493232836 0.876858400 0.500000000 0.500000000 0.000000000 0.000000000 0.999996424 -0.002648513 0.000317107 0.013087200 0.002648324 0.999996305 0.000597516 -0.022186948 -0.000318688 -0.000596674 0.999999762 -0.419749335
183216367 0.493232836 0.876858400 0.500000000 0.500000000 0.000000000 0.000000000 0.999996543 -0.002623189 -0.000098263 0.012553831 0.002623195 0.999996543 0.000061982 -0.022158911 0.000098101 -0.000062240 1.000000000 -0.425275556
183249733 0.493232836 0.876858400 0.500000000 0.500000000 0.000000000 0.000000000 0.999996722 -0.002502063 -0.000544638 0.012212599 0.002501923 0.999996841 -0.000257907 -0.022630682 0.000545282 0.000256543 0.999999821 -0.430799822
183283100 0.493232836 0.876858400 0.500000000 0.500000000 0.000000000 0.000000000 0.999996722 -0.002393370 -0.000883317 0.011548344 0.002392597 0.999996781 -0.000874966 -0.022299085 0.000885409 0.000872850 0.999999225 -0.436476251
183316467 0.493232836 0.876858400 0.500000000 0.500000000 0.000000000 0.000000000 0.999996424 -0.002401940 -0.001166178 0.010905530 0.002400370 0.999996185 -0.001345463 -0.021995887 0.001169405 0.001342659 0.999998391 -0.442049308
183349833 0.493232836 0.876858400 0.500000000 0.500000000 0.000000000 0.000000000 0.999995708 -0.002360293 -0.001720235 0.010958622 0.002357536 0.999995947 -0.001603283 -0.022065340 0.001724013 0.001599221 0.999997258 -0.447610062
183383200 0.493232836 0.876858400 0.500000000 0.500000000 0.000000000 0.000000000 0.999995291 -0.002379828 -0.001927666 0.010358492 0.002376097 0.999995291 -0.001935155 -0.021927200 0.001932262 0.001930566 0.999996245 -0.453371679
183416567 0.493232836 0.876858400 0.500000000 0.500000000 0.000000000 0.000000000 0.999994874 -0.002303636 -0.002227162 0.009944805 0.002298674 0.999994874 -0.002227898 -0.021879001 0.002232283 0.002222767 0.999995053 -0.459309313
183449933 0.493232836 0.876858400 0.500000000 0.500000000 0.000000000 0.000000000 0.999993682 -0.002364976 -0.002651978 0.009786701 0.002358111 0.999993861 -0.002588703 -0.021821155 0.002658084 0.002582433 0.999993145 -0.465092359
183483300 0.493232836 0.876858400 0.500000000 0.500000000 0.000000000 0.000000000 0.999992728 -0.002408658 -0.002965841 0.009154794 0.002399135 0.999991953 -0.003210240 -0.021307025 0.002973550 0.003203101 0.999990463 -0.470941968
183516667 0.493232836 0.876858400 0.500000000 0.500000000 0.000000000 0.000000000 0.999990225 -0.002417388 -0.003703752 0.009760076 0.002403836 0.999990404 -0.003658931 -0.021156776 0.003712561 0.003649992 0.999986470 -0.476588745
183550033 0.493232836 0.876858400 0.500000000 0.500000000 0.000000000 0.000000000 0.999988496 -0.002387143 -0.004154699 0.009338394 0.002370692 0.999989331 -0.003960162 -0.021246192 0.004164108 0.003950267 0.999983549 -0.482383500
183583400 0.493232836 0.876858400 0.500000000 0.500000000 0.000000000 0.000000000 0.999986291 -0.002246045 -0.004734967 0.009460186 0.002225168 0.999987781 -0.004409616 -0.020908547 0.004744814 0.004399019 0.999979079 -0.488123795
183616767 0.493232836 0.876858400 0.500000000 0.500000000 0.000000000 0.000000000 0.999983251 -0.002086424 -0.005403330 0.009827381 0.002060631 0.999986470 -0.004774725 -0.020624793 0.005413219 0.004763511 0.999974012 -0.493748798
183650133 0.493232836 0.876858400 0.500000000 0.500000000 0.000000000 0.000000000 0.999979913 -0.002040255 -0.006000254 0.009986624 0.002009930 0.999985218 -0.005055762 -0.020126742 0.006010481 0.005043601 0.999969244 -0.499456973
183683500 0.493232836 0.876858400 0.500000000 0.500000000 0.000000000 0.000000000 0.999975801 -0.002150401 -0.006618732 0.010094446 0.002114631 0.999983132 -0.005406643 -0.019380293 0.006630247 0.005392516 0.999963462 -0.504981237
183716867 0.493232836 0.876858400 0.500000000 0.500000000 0.000000000 0.000000000 0.999972045 -0.002102946 -0.007179219 0.010174470 0.002061852 0.999981463 -0.005726527 -0.018375823 0.007191129 0.005711564 0.999957860 -0.510406929
183750233 0.493232836 0.876858400 0.500000000 0.500000000 0.000000000 0.000000000 0.999967217 -0.002048794 -0.007837090 0.010362230 0.002004024 0.999981642 -0.005716187 -0.018022376 0.007848657 0.005700294 0.999952972 -0.515360229
183783600 0.493232836 0.876858400 0.500000000 0.500000000 0.000000000 0.000000000 0.999961495 -0.002129563 -0.008510413 0.010457579 0.002082382 0.999982417 -0.005548907 -0.017838821 0.008522079 0.005530972 0.999948382 -0.519855417
183816967 0.493232836 0.876858400 0.500000000 0.500000000 0.000000000 0.000000000 0.999956131 -0.002198471 -0.009102956 0.010111816 0.002147626 0.999982059 -0.005591513 -0.017071422 0.009115086 0.005571717 0.999942958 -0.524119030
183850333 0.493232836 0.876858400 0.500000000 0.500000000 0.000000000 0.000000000 0.999950111 -0.002228748 -0.009736180 0.010056761 0.002175568 0.999982655 -0.005469337 -0.016719192 0.009748201 0.005447882 0.999937654 -0.528244980
183883700 0.493232836 0.876858400 0.500000000 0.500000000 0.000000000 0.000000000 0.999944210 -0.002169398 -0.010338266 0.009930667 0.002113204 0.999982953 -0.005443329 -0.016161340 0.010349900 0.005421179 0.999931753 -0.532186806
183917067 0.493232836 0.876858400 0.500000000 0.500000000 0.000000000 0.000000000 0.999939203 -0.002248777 -0.010797138 0.009461408 0.002190406 0.999982953 -0.005414940 -0.015682350 0.010809131 0.005390961 0.999927044 -0.536177458
183950433 0.493232836 0.876858400 0.500000000 0.500000000 0.000000000 0.000000000 0.999931931 -0.002324965 -0.011431848 0.009457648 0.002265778 0.999983966 -0.005187595 -0.015314467 0.011443725 0.005161340 0.999921203 -0.539785303
183983800 0.493232836 0.876858400 0.500000000 0.500000000 0.000000000 0.000000000 0.999926865 -0.002349583 -0.011861304 0.008744984 0.002289092 0.999984324 -0.005110841 -0.014804497 0.011873127 0.005083316 0.999916613 -0.543580714
184017167 0.493232836 0.876858400 0.500000000 0.500000000 0.000000000 0.000000000 0.999920666 -0.002370625 -0.012370752 0.008068541 0.002314812 0.999987066 -0.004524047 -0.015202645 0.012381317 0.004495052 0.999913216 -0.547557115
184050533 0.493232836 0.876858400 0.500000000 0.500000000 0.000000000 0.000000000 0.999913990 -0.002476685 -0.012877222 0.007373872 0.002420015 0.999987304 -0.004414476 -0.014320589 0.012887993 0.004382933 0.999907315 -0.551240399
184083900 0.493232836 0.876858400 0.500000000 0.500000000 0.000000000 0.000000000 0.999905467 -0.002459041 -0.013528533 0.006978685 0.002411092 0.999990761 -0.003559451 -0.015476395 0.013537161 0.003526496 0.999902129 -0.555286089
184117267 0.493232836 0.876858400 0.500000000 0.500000000 0.000000000 0.000000000 0.999895990 -0.002534135 -0.014197587 0.006684172 0.002487110 0.999991357 -0.003328888 -0.015399477 0.014205900 0.003293231 0.999893665 -0.558924138
184150633 0.493232836 0.876858400 0.500000000 0.500000000 0.000000000 0.000000000 0.999885082 -0.002575024 -0.014938144 0.006711386 0.002532635 0.999992728 -0.002855842 -0.016079608 0.014945390 0.002817682 0.999884367 -0.562740422
184184000 0.493232836 0.876858400 0.500000000 0.500000000 0.000000000 0.000000000 0.999876201 -0.002473025 -0.015539534 0.006813364 0.002433265 0.999993742 -0.002577018 -0.016631039 0.015545810 0.002538887 0.999875963 -0.566795337
184217367 0.493232836 0.876858400 0.500000000 0.500000000 0.000000000 0.000000000 0.999869764 -0.002270666 -0.015976498 0.006520588 0.002233845 0.999994814 -0.002322207 -0.017346956 0.015981689 0.002286215 0.999869645 -0.570710522
184250733 0.493232836 0.876858400 0.500000000 0.500000000 0.000000000 0.000000000 0.999859571 -0.002191480 -0.016615648 0.006985476 0.002159081 0.999995708 -0.001967646 -0.018150119 0.016619889 0.001931495 0.999859989 -0.574332325
184284100 0.493232836 0.876858400 0.500000000 0.500000000 0.000000000 0.000000000 0.999850929 -0.002148134 -0.017131813 0.007199345 0.002120581 0.999996424 -0.001626303 -0.018765749 0.017135246 0.001589731 0.999851942 -0.578093602
184317467 0.493232836 0.876858400 0.500000000 0.500000000 0.000000000 0.000000000 0.999841392 -0.002040559 -0.017692721 0.007558720 0.002019856 0.999997258 -0.001187926 -0.019565170 0.017695097 0.001152001 0.999842763 -0.581525579
184350833 0.493232836 0.876858400 0.500000000 0.500000000 0.000000000 0.000000000 0.999835372 -0.002103517 -0.018021965 0.007480068 0.002089019 0.999997497 -0.000823243 -0.020129357 0.018023653 0.000785459 0.999837279 -0.585093093
184384200 0.493232836 0.876858400 0.500000000 0.500000000 0.000000000 0.000000000 0.999825776 -0.001999632 -0.018558502 0.007883266 0.001998850 0.999997973 -0.000060674 -0.021473511 0.018558586 0.000023568 0.999827802 -0.588022689
184417567 0.493232836 0.876858400 0.500000000 0.500000000 0.000000000 0.000000000 0.999818563 -0.002064789 -0.018936092 0.007941920 0.002079087 0.999997556 0.000735416 -0.022757271 0.018934527 -0.000774653 0.999820411 -0.591238512
184450933 0.493232836 0.876858400 0.500000000 0.500000000 0.000000000 0.000000000 0.999808908 -0.002011325 -0.019445073 0.008441726 0.002038874 0.999996960 0.001397072 -0.023400319 0.019442203 -0.001436451 0.999809980 -0.594026619
184484300 0.493232836 0.876858400 0.500000000 0.500000000 0.000000000 0.000000000 0.999802709 -0.002132687 -0.019746944 0.008455320 0.002173479 0.999995530 0.002044499 -0.023936479 0.019742494 -0.002087016 0.999802947 -0.597215096
184517667 0.493232836 0.876858400 0.500000000 0.500000000 0.000000000 0.000000000 0.999794722 -0.002306315 -0.020129379 0.008531376 0.002371212 0.999992073 0.003200741 -0.025435108 0.020121837 -0.003247816 0.999792278 -0.600408480
